1;SuperChange;;0;29270
10;My-Xchange;878525859540;1026;42436
29;N-Change;;0;5159701
48;Exwp;800811812711;1776;104994
51;ExchangeX;687408836403;1917;493114
52;NetExchange;;0;1148456
56;M-Obmen;963130820766;3192;434952
67;СуперОбменка;249714880659;4620;150339
443;ОбменОМ;;0;210689
79;E-Obmen;;0;880570
80;Vmex;060994506852;1595;297423
83;Обменник.ws;249714880659;4620;21226
90;Ex-Money;;0;204645734
107;WM-Sha;881627402476;1738;6118
120;MagneticExchange;;0;20244
128;XMLGold;;0;6659365
142;WmPayCash;256939015533;2231;616711
152;Vilcov;;0;85000
154;eCashMe;878525859540;1026;70431
155;Z-Obmen;;0;45181
157;WmBox;329025066047;2191;33019
161;Обменник.ua;963130820766;3192;501481
170;XMoney;;0;498715
177;Alfacash;;0;2559139
184;Xchange;;0;66290288
197;WMSell;;0;7979
201;NixExchange;;0;1059991
218;A-Exchange;;0;100904
220;WMGlobus;;0;150133419
223;МультиВал;;0;157235
227;MoneyChange;;0;23498
238;E-Money;;0;1060320
239;E-Scrooge;;0;56942005
643;Bchange;;0;976196
252;VIPchanger;397640011232;2223;1068868
730;WmMoney;445709135419;1390;8219
255;BazarMoney;250647852481;1100;9421
257;PM2WM;;0;100000
259;BTC2Cashin;;0;121285
268;Rapid-Obmen;;0;4676077
269;Paspar;;0;17036
271;GoldObmen;;0;25393
272;WMCentre;;0;0
273;ArmChange;;0;187321
274;MultiChange;;0;172082492
277;BTC2WM;;0;100000
279;MChange;;0;679469877
281;Trust-Exchange;;0;19053677
291;Ukr-Obmen;;0;836
297;Меняйко;192211650456;1617;21123
299;ObmenCash;;0;6758
306;Спасибо;632584157120;951;20933
311;Cryptex24;;0;667043
320;100Монет;;0;14724470
324;Qipri;;0;843719
326;Матби;;0;529458
327;24Обмен;;0;8942
329;TytCoin;;0;187086
337;1WM;;0;72871
341;WMStream;185657319746;1557;1283869
346;UltraChange;;0;1414904
362;D-Obmen;;0;768026
364;N-Obmen;;0;12287
370;Obmenneg;426424364533;0;14169
372;HotExchange;;0;5500941
374;Echange;401537073488;1079;18146
375;CashTransfers;123974018633;68;35408049
377;ExBox;;0;67796715
380;FavoriteExchanger;266156638013;1308;0
385;ChangeMoney24;;0;116445203
387;365Cash;;0;458122
395;InternetMoney;;0;19823
397;AllCash;;0;17178934
399;CleanBTC;491088628726;0;1448393
405;OpenChange;;0;58823602
409;5Минут;157677488095;376;17054
411;BTCBank;;0;216823
412;WW-Pay;;0;1056679
417;24PayBank;;0;21338982
421;Receive-Money;;0;3635460
430;CoinTransfer;;0;35565588
433;Smart-Pays;;0;126183
436;RealExchange;271040623560;1137;3216150
921;Сатоши;;0;5734897
437;RuChange;;0;35346
438;WestChange;;0;1704612
439;Makoli;;0;22269
441;PMCash;;0;17180
444;Конверт;;0;192894
445;24Online;;0;391107
447;SpbWMCasher;049282223299;0;57343149
456;SafePay;196907527892;1397;79817
455;FehuPay;;0;400919
830;EliteObmen;;0;1694654
460;Lionex;;0;99703
466;BtcChange24;;0;608068
464;MegaChange;380536951311;1347;45489
467;GoodObmen;;0;4205
468;Magnatus;;0;788408
469;MasterChange;238890286272;2107;68454480
471;ChBy;;0;39117996
472;Changer4u;;0;963403
473;ImExchanger;;0;67786296
474;SuperChangeNet;;0;848221
475;ObmenPP;;0;722273
489;ZB;;0;0
488;FastChange;;0;24443411
490;O-Paxum;;0;88632
498;Kraken;;0;0
499;Huobi;;0;0
502;OkCoin;;0;0
500;BitStamp;;0;0
504;OKEx;;0;0
497;Cexio;;0;0
496;Bitfinex;;0;0
492;Poloniex;;0;0
797;Excoin;;0;72967124
501;Currency;;0;0
503;HitBTC;;0;0
505;CryptoMate;;0;0
508;Gemini;;0;0
507;Bitkonan;;0;0
510;Binance;;0;0
509;TheRockTrading;;0;0
511;Bittrex;;0;0
512;CoinBase;;0;0
513;BitBay;;0;0
515;YoBit;;0;0
517;BaksMan;;0;380434658
521;Шахта;;0;18554184
522;Касса;;0;297189
519;BitExchanger;;0;94315732
526;FastExchange;;0;351803
528;WmExpress;;0;104118
531;FastWM;176080725420;653;0
532;QuickChange;;0;3879201
536;WuBill;;0;13015406
535;BitPayes;;0;0
537;100BtcKiev;;0;1878548
539;NewLine;;0;403807254
544;Банкомат;;0;178030301
540;CryptoPay24;;0;29190677
743;Treddr;894221020033;26;870625
546;NetEx24;;0;1688179
548;ObmenTop;191116885147;798;6990
550;PayBis;;0;18024203
551;RocketChange;697747012700;2002;5164111
555;Cashex;;0;207581427
556;ObmennCom;;0;38113
558;1Exchanger;;0;46075
559;MinedTrade;;0;6266499
561;BetaTransfer;;0;125510
562;Z-Exchange;;0;19990
565;Transfer24;;0;17616578
566;GetExchange;243633864016;0;23636
567;Coin-Bank;;0;21235
573;Биткоин24;;0;74496
576;ObmenEW;;0;16302
577;Bit-Обменка;;0;0
580;4ange;;0;39689484
581;8Pay;437302142553;1181;1586618
584;F-Change;;0;325978
585;ObmenoFF;;0;637806
586;КэшБанк;;0;31649755
589;ObmenTech;421609434468;1559;0
588;7Money;;0;459122
590;ExMoney;;0;23220
599;iChanger;360880458968;1091;109808
603;RuBitok;;0;81400
608;GeeExchange;;0;33114396
606;CryptoMoney;;0;115890377
607;60сек;;0;495905393
609;ObmenMoney;279259009479;825;255576
611;ChangerClub;;0;921454
614;El-Change;;0;606820
615;Pocket-Exchange;;0;45826
619;LeoExchanger;;0;159351
620;4Exchange;;0;64423
621;Pay-Today;;0;13467640
618;24BestEx;;0;19805700
624;VV-Obmen;;0;57377
622;ProstoCash;;0;1007182113
625;PayGet;;0;23453984
629;MonEx;189133223119;2852;730641
626;Best-Obmen;;0;48843349
640;BTC2Pay;;0;978212
636;WorldChange;;0;124475935
664;BitHunter;;0;59170
667;BitMonsters;;0;45497
645;BtcBit;;0;7311678
681;CryptoHome;;0;1780119
635;Staff-Obmen;;0;8089
633;YChanger;;0;396235366
733;Bonanza-Obmen;;0;5312
736;Обменник-UZ;;0;18039
634;BestCoin;;0;6855363
668;MyCryptoMarket;;0;1784500
650;Real-Bit;;0;5537660
638;Bitcoin24SU;;0;478571
642;BuyBit;;0;32252
655;BitStore;;0;6921928
709;Nexchange;;0;797181
659;1-Online;;0;196149144
665;Perfect-Change;;0;24437
670;FastEx;;0;632857
652;LasloBit;;0;276217
731;BigBank;;0;664700
689;TransCoin;;0;5580671
651;Монетка;702499140547;870;33442
657;Easy-Changer;;0;366321
661;Ферма;;0;21351348
677;Bitcoin24Exchange;;0;2119366
654;Ru-Bas;;0;62826
738;HASchange;;0;1784912
702;Papa-Change;;0;579532
660;FlyChange;290933993890;2999;4296652
693;CryptoBroker;;0;24984297
714;Top-Exchange;;0;330787
715;Coins-Trade;;0;178067
676;Иеремия76;;0;81702
658;BtcTenge;;0;19886146
762;TetChange;;0;1427465
686;1Mile;;0;6827
695;BTC-Обменник;;0;2624253
706;HoBit;;0;7666307
705;Cryptonex;;0;50937
713;CashOut;;0;744125
687;WikiPays;;0;212014
701;WMCash;236702904683;1428;205894
749;BitOkk;;0;44327444
690;Fair-Exchange;413428403759;63;120179
685;BitCash;;0;561314
684;100Bitcoins;;0;92678951
723;BitObmen;;0;63554
718;Platov;;0;16667140
704;Change-X;;0;21537720
692;C1kWorld;;0;31798294
688;ExchangeExpress;279259009479;825;15650
710;Bittrend;;0;4670525
712;Criptify;;0;106008
755;Big-Changer;;0;31426
699;BitPro;;0;124574660
703;Obmen4you;320026778932;1371;16957
716;Bitok777;;0;129407
782;Tec-Bit;;0;62584
750;CashAdmin;;0;604193
763;PushPayer;753021635396;0;74548
758;CryptoBox;;0;12841230
741;BTCe-Obmen;;0;0
737;BonkyPay;232342940453;0;46067519
761;FlashObmen;;0;411258
754;ObmenIM;;0;140794
757;ChangeNow;;0;0
783;ОбменДенег;;0;0
779;MoneyMix;;0;189339
790;Турбина;;0;15213
776;XbiTrade;;0;526381
785;PayMarket;;0;77504
775;AllWMCash;;0;1189013
804;PayBTC;;0;5091416
780;Bitcoin24Pro;;0;74044724
774;ОбменМонет;;0;9900526
766;UniCash;;0;109453506
764;NiceChange;;0;242319294
772;CoinPayMaster;;0;189645461
792;SberBit;;0;725472
799;Криптообменник;;0;1127388
787;PrivatCash;;0;667953
801;Coin-Future;;0;234551
793;IceBTC;;0;14157460
798;Quickex;;0;57170734
808;ChangeCoins;;0;1198356
814;BitBits;;0;114982
835;7Pay;709807738416;1407;509934
827;Crypster;;0;15108396
812;Ex-Bank;;0;2907797
823;Обменочка;;0;141016
809;XbitMoney;155289860990;1405;641358
825;MyChanger;;0;912998
816;WM007;;0;27340
840;YoChange;;0;174914312
841;MegaChangeMe;432189717906;0;2305
839;MyInvestStory;;0;2814
821;ExchangeTeam;;0;38459236
815;Belqi;;0;25906767
842;AllMoney;406103529800;225;379373
850;Keine-Exchange;;0;5493993
846;ExchangeYourMoney;;0;911022
847;BitPride-Exchange;;0;147160768
848;SwapCoin;;0;17065889
852;RamonCash;;0;13771530
857;Paytiz;227421344645;224;4754629
855;CoinStart;;0;4928627
858;FixedFloat;;0;4082869
861;Fex24;;0;669836
865;Bixter;;0;12795659
869;ExpoChange;412963033166;0;325911
866;Delets;;0;18952620
872;WM-Obmen;362955051206;1731;49693
871;BitokMe;;0;304212265
895;CryptoBarMen;;0;0
867;Сумма;;0;5163655
870;Alfa-Trades;;0;510731
882;BuyBank;;0;4559489
881;AllTrustMe;;0;4298211
877;Об-мен;963523258975;86;357080
890;Bitcoff;631856629771;0;669611
884;Cryptex;;0;2006534
905;TraiderIdeal;;0;47645
902;BTC-Волга;;0;808563
885;JPMarket;;0;148039157
897;AnonEx;;0;1404431
888;GramBit;;0;291011140
894;КупиБит;;0;1820192
887;KZObmen;;0;47170
898;Вобменка;;0;291907
906;CryptoHonest;;0;113252748
901;WMStar;310224582545;0;514716
899;CoinShop24;;0;196382530
900;Obmen-Box;;0;265552
896;CoinChanger;;0;172516
910;WMT;797230232341;0;62928
915;CoinGuru;;0;22960292
914;Ex-code;;0;2204
989;CoinsBlack;890273718097;0;976907
913;Quantex;;0;2598504
917;Micro-exchange;;0;23306159
916;Cryptos;;0;482799
925;Sunduk;;0;214642
918;КриптоРай;;0;0
939;EuroBit;;0;6204792
935;Wiki-Exchange;;0;137456675
922;PayWallet;;0;134745
923;HD-Change;;0;32514
943;TopCash;;0;682254
928;CriptoMoney24;;0;4786360
927;Msk-Exchange;;0;44724452
933;TytCash;;0;57149
929;RoyalCash;;0;507113677
930;Crypto-Store;;0;77849
942;ExHub;;0;75805570
944;EExchanger;330964771407;302;4359207
947;Dynasty-Pay;;0;166711
949;Coco-Pay;;0;13600205
948;AbcObmen;;0;242878259
951;PrideChange;;0;34755583
952;ExLine;;0;102827
954;EggChange;;0;94866404
961;MyBTC;;0;61775809
960;Crybex;195257639270;0;16341331
959;ExchangeKey;;0;44943752
953;Livex;;0;27930
956;Обменко;;0;4692751
958;24Zone;;0;61253596
962;StyleBTC;;0;131255
963;Global-Ex;;0;53905
955;AlfaBit;;0;27545036
966;BlaBlaChange;;0;66362386
964;ExBase;;0;814121
1018;BissonExchange;;0;18247
967;КриптоОбмен;;0;803640
981;WMChanger;032757413663;0;1904062
1016;Банкир;;0;447143
997;CoinJoin;;0;10798479
985;Tuco;;0;6992042
983;Bitality;;0;18523658
968;CryptoMax;;0;119238800
973;Number1;;0;7929408
977;CityBit;;0;0
984;Cash-Bit;;0;56762
969;4Money;;0;75758209
994;TipTopObmen;;0;85818230
976;ChangeProject;;0;77467464
992;OneMoment;;0;31431399
970;AlfaChange;;0;46312428
987;Itez;;0;2821603
972;BigPay;865127628943;0;22818
974;BestKurs24;;0;19636
980;GrandChange;;0;260954316
975;PremierCash;;0;602382
986;PayFull;;0;75697
1011;IChangeOne;137024936562;0;1003168
999;LetsPay;;0;2431672
1003;Crypto-Market24;;0;0
998;Момент;;0;24688
1027;Nordex;;0;2440390
1013;AvanChange;359556728149;0;43488021
1008;BroExchange;;0;835075
1005;EezyCash;594705036984;3;11682386
1006;Сова;;0;3265882
1002;ExCenter;;0;1058120
1001;CatBit;;0;2348373
1000;BazaObmena;;0;44036789
1014;Coin24;;0;47602763
1015;ТочкаОбмена;512160110371;0;0
1012;CoinsChanger;;0;0
1020;Bit2Cash;;0;1257859
1010;Coinumm;;0;1321174
1032;Crypto-Bank;;0;487300
1026;Ripae;;0;22666
1021;Крипта;;0;911365
1009;CryptoShopping;;0;33425
1019;001K;156178959868;66;4036580
1029;SwiftChange;;0;10026342
1004;ExWm;910856141988;294;12642
1022;Change-Master;238890286272;2107;1833114
1038;Обама;455223738561;200;1842923
1036;CoinCat;;0;258813
1028;BtcSale;;0;2288669
1030;4Pay;;0;1849
1023;UnioChange;;0;122479
1033;CosmoChanger;;0;39942927
1025;GlobalBits;;0;16285867
1035;CryptoXchange;;0;5465799
1024;Just-Exchanger;;0;17519
1037;Crypik;;0;1689546
1034;ClickPay;285857469245;74;2119466
1047;Money-Office;;0;13498363
1046;Муха;;0;317344
1045;AgCash;;0;1589
1044;BitBong;;0;7132074
1041;AnyExchange;;0;10822599
1042;CoinBox;;0;822738
1049;BlaBlaMoney;;0;19219653
1050;Kursov24;;0;12474613
1054;24BitBank;;0;177162
1053;ATMExchanger;;0;30180
1052;Artek-Exchanger;;0;0
1051;КриптоКасса;;0;1674250